"year"	"Asym"	"xmid"	"scal"	"doytop"	"doymin"	"doymax"	"doymin70"	"doymax70"	"duration"	"date.med"	"prob_at_med"	"propIClwr"	"propICupr"	"propsd"	"survey_date"
1979	19.9577996536904	168.502978975483	-12.4638588028282	169	123	213	147	189	90	NA	NA	NA	NA	NA	NA
1980	17.2815000999172	177.018693298776	-12.9851111624122	177	129	224	154	199	95	NA	NA	NA	NA	NA	NA
1981	13.178729412367	184.436196789608	-6.18678726399551	184	162	206	174	194	44	NA	NA	NA	NA	NA	NA
1982	16.6734005442683	174.116010257696	-15.6271646443602	174	117	230	147	200	113	NA	NA	NA	NA	NA	NA
1983	13.8526199370828	173.981226015789	-5.17279492075843	174	155	192	165	182	37	178	0.0416933743098925	0.0367126666905939	0.0425390827177595	0.00141960552730866	"During 70 % of spawning"
1984	18.3084099650833	169.04400919208	-14.348727093021	169	116	221	144	193	105	176	0.0164370526385699	0.0146317233032809	0.0164220112269349	0.000499468081624595	"During 70 % of spawning"
1985	20.9340671533125	165.202651194107	-14.9881022152274	165	110	219	139	190	109	178	0.0139739995873389	0.0125394064787294	0.0142438880166724	0.000490619305088717	"During 70 % of spawning"
1986	16.5375234837867	171.41925755449	-13.5285883553767	171	122	220	148	194	98	175	0.0181575935423502	0.0164535570305592	0.0185426663623996	0.000592415327701258	"During 70 % of spawning"
1987	13.8674771442552	171.948079237158	-11.5959317946656	172	129	213	152	191	84	172	0.0215558469976496	0.0197770726958276	0.0220940247745209	0.000651633790727472	"During 70 % of spawning"
1988	14.4361082248292	174.292654300675	-6.8756065449907	174	149	198	162	185	49	173	0.0360255544600034	0.033346732991908	0.0385912091735669	0.00126939871753233	"During 70 % of spawning"
1989	21.5538122526218	162.103646546163	-15.0462030695981	162	107	216	136	187	109	174	0.0142667311530946	0.0124777258572364	0.0145760110456679	0.000591572042287973	"During 70 % of spawning"
1990	14.2517402744579	175.747811867746	-9.83561745048078	176	140	211	159	192	71	170	0.0233617077238097	0.0224237032470541	0.024096400749126	0.000430385415842693	"During 70 % of spawning"
1991	21.6308668273444	162.945980985599	-17.9241019584991	163	97	228	132	193	131	171	0.0132676747028774	0.0118899947403097	0.0147030612125111	0.000790337934504759	"During 70 % of spawning"
1992	14.8633845437147	175.380361589982	-11.7359615337958	175	132	217	155	195	85	173	0.0210813747550616	0.0190278594640743	0.0217355429147845	0.000701689016341438	"During 70 % of spawning"
1993	17.4123079925113	173.271757825497	-13.838689866676	173	123	223	149	196	100	170	0.0178134154437488	0.0165786646294658	0.0183538875444442	0.000462647752856103	"During 70 % of spawning"
1994	13.6696901585536	176.41282414896	-11.1492746933063	176	136	216	157	195	80	168	0.0195094150695251	0.0184397663707257	0.0203985958919789	0.000506680525014675	"During 70 % of spawning"
1995	13.9599829855061	177.846297102309	-10.1414832752893	178	141	214	160	194	73	NA	NA	NA	NA	NA	NA
1996	17.7511152793341	168.594522785473	-11.0732803384949	169	128	208	149	187	80	173	0.0217032823656998	0.0191035987013714	0.0225789155125098	0.00088130269497134	"During 70 % of spawning"
1997	15.4426501626805	174.867528956451	-8.48751127217606	175	144	205	160	189	61	NA	NA	NA	NA	NA	NA
1998	16.8494729155774	166.202749131675	-10.440868833247	166	128	203	148	183	75	167	0.0239049533978119	0.0214500870490055	0.0242502519149759	0.00074755479059275	"During 70 % of spawning"
1999	24.5882847267214	144.839298988543	-15.4732157070935	145	88	201	118	171	113	173	0.00775609597259542	0.007004807487031	0.00897372575206959	0.00051896500515257	"Late survey"
2000	15.2565159839964	170.857493612648	-11.1324304932719	171	130	211	152	189	81	173	0.0222466094119042	0.0199547673837604	0.0226533186225325	0.000752520530824999	"During 70 % of spawning"
2001	12.7736576869404	171.995906257498	-6.84180517081315	172	147	196	160	183	49	166	0.0303268894875006	0.0294413159985148	0.0319669786244392	0.000660081326048072	"During 70 % of spawning"
2002	15.3005370402938	172.102042507531	-12.5258096036022	172	126	217	150	193	91	170	0.0198163748224804	0.0183342767777169	0.0205805475010427	0.000590230006297736	"During 70 % of spawning"
2003	16.613899426499	170.281509563552	-8.99074146541318	170	137	202	155	185	65	171	0.0277549164471907	0.025414045322356	0.0289685371327269	0.00102750973033462	"During 70 % of spawning"
2004	17.9309811777103	170.282269857761	-12.7120550496011	170	124	216	148	191	92	171	0.0196482156351361	0.0170938543067653	0.0207706228404296	0.00101377634920669	"During 70 % of spawning"
2005	19.0225450436256	172.745627467984	-10.7219798908453	173	133	211	154	190	78	170	0.0229345352196818	0.0217194310236629	0.0237643790790586	0.00049248425267933	"During 70 % of spawning"
2006	18.1395132443188	165.370928497425	-10.3706788577175	165	127	202	147	182	75	186	0.010209226228624	0.00953535003311467	0.0103921817881912	0.000214639680419249	"Late survey"
2007	13.8673034501804	177.447768473018	-6.95793462193972	177	152	202	165	189	50	177	0.0358776380382223	0.0333173829993704	0.0375223553462393	0.00106723950384595	"During 70 % of spawning"
2008	12.7910207100807	175.858291462804	-5.9197658372114	176	154	197	166	185	43	177	0.0418169392594969	0.0374782189450761	0.0429196632246134	0.00145279105759158	"During 70 % of spawning"
2009	12.5221338046557	174.021665752212	-7.89119667076906	174	145	202	160	187	57	168	0.0274766629571171	0.0252210691887216	0.0291194254451817	0.00105688114056869	"During 70 % of spawning"
2010	15.0456751590239	170.163644042881	-9.204962952875	170	136	203	154	185	67	166	0.0258107031684523	0.0242128728871202	0.0266206554325754	0.000672373431500048	"During 70 % of spawning"
2011	17.4893195480029	167.857127450006	-7.34492560897767	168	141	194	155	180	53	166	0.0334865284622033	0.0298151456652934	0.0352178463182968	0.00142751927006044	"During 70 % of spawning"
2012	16.7187227540664	161.750676578841	-8.78855516625431	162	130	193	147	176	63	168	0.0251285540112411	0.0208972258256636	0.0273714658250949	0.00168306870030847	"During 70 % of spawning"
2013	15.2640893334553	168.621476294085	-8.19815217670202	169	139	198	154	182	59	167	0.0301892944117625	0.0278605153848182	0.0312807017903594	0.000984454315595719	"During 70 % of spawning"
2014	16.6996233589644	166.669378287792	-7.8535323011798	167	138	194	153	179	56	166	0.0317643962385028	0.0284722389634741	0.0333072746472668	0.00146212766655445	"During 70 % of spawning"
2015	15.8952688621378	172.157021892142	-7.2151494983913	172	146	198	160	184	52	167	0.0305673317667222	0.0291524245672358	0.0321729826778182	0.000824449444504247	"During 70 % of spawning"
2016	20.0803073997301	163.73504528116	-11.6269241314125	164	121	205	144	183	84	169	0.0204335203396071	0.0182628751556094	0.0211269689092653	0.000835549770304596	"During 70 % of spawning"
2017	14.206927757746	174.115734311227	-4.76583190237225	174	157	191	166	181	34	164	0.020052315879564	0.0205193497016474	0.0234980709064218	0.000726827551460502	"Early survey"
2018	13.2465268277482	175.016852158993	-5.39970833461253	175	155	194	166	183	39	172	0.0428419029194804	0.0389692888241208	0.0466286738670235	0.00199949120256838	"During 70 % of spawning"
2019	15.3051328175469	176.441810567859	-7.11369728438636	176	150	202	164	188	52	162	0.0144276042378371	0.0144595296131206	0.0163606756781446	0.000489587703768013	"Early survey"
2020	16.0070591429248	172.71452586702	-2.41688711554365	173	164	181	169	176	17	NA	NA	NA	NA	NA	NA
2021	13.8651012823226	167.114472028254	-6.14314391609383	167	145	189	156	177	44	169	0.0397317587930414	0.0353698594869618	0.0408483863060413	0.00147926160611979	"During 70 % of spawning"
2022	18.2879003744643	160.330278358919	-9.56652357163744	160	125	194	144	176	69	171	0.0194345232703932	0.0138870483029109	0.0279479507194484	0.00359855114402323	"During 70 % of spawning"
2023	18.1900528084589	162.23198292381	-9.35269908507757	162	128	195	146	177	67	172	0.020585502464141	0.0172027048385469	0.0221419140246863	0.0013700075616823	"During 70 % of spawning"
2024	12.0683355190466	164.604125772895	-3.85351029788586	165	150	178	158	170	28	174	0.0191949905990356	0.0161022766772591	0.0192768418618664	0.000798893925179289	"Late survey"
2025	19.9133836978147	157.117969135257	-8.61585121103873	157	126	188	142	171	62	169	0.0186510929134495	0.0158966675732948	0.0207369457143524	0.0012573111173811	"During 70 % of spawning"
